E:\workspace\code\ntsstock\stockmanage\management\commands
开始导入:A02-OK玻璃_.xls
455.0
456.0
457.0
458.0
459.0
460.0
461.0
462.0
463.0
464.0
465.0
466.0
467.0
468.0
469.0
470.0
471.0
472.0
473.0
474.0
475.0
476.0
477.0
478.0
479.0
480.0
481.0
482.0
483.0
484.0
485.0
486.0
487.0
488.0
489.0
490.0
491.0
492.0
493.0
494.0
495.0
496.0
497.0
498.0
499.0
500.0
501.0
502.0
503.0
504.0
505.0
506.0
507.0
508.0
509.0
510.0
511.0
512.0
513.0
514.0
515.0
516.0
517.0
518.0
519.0
520.0
521.0
522.0
523.0
524.0
525.0
526.0
527.0
528.0
529.0
530.0
531.0
532.0
533.0
534.0
535.0
536.0
537.0
538.0
539.0
540.0
541.0
542.0
543.0
544.0
545.0
546.0
547.0
548.0
549.0
550.0
551.0
552.0
553.0
554.0
-----------------------------
导入完毕--E:\workspace\code\ntsstock\stockmanage\management\commands\files\A02-OK玻璃_.xls----RONA
-----------------------------
1771.0
1772.0
1773.0
1774.0
1775.0
1776.0
1777.0
1778.0
1779.0
1780.0
1781.0
1782.0
1783.0
1784.0
1785.0
1786.0
1787.0
1788.0
1789.0
1790.0
1791.0
1792.0
1793.0
1794.0
1795.0
1796.0
-----------------------------
导入完毕--E:\workspace\code\ntsstock\stockmanage\management\commands\files\A02-OK玻璃_.xls----安徽德力
-----------------------------
1039.0
1040.0
1041.0
1042.0
1043.0
1044.0
1045.0
1046.0
1047.0
1048.0
1049.0
1050.0
1051.0
1052.0
1053.0
1054.0
1055.0
1056.0
1057.0
1058.0
1059.0
1060.0
1061.0
1062.0
1063.0
1064.0
1065.0
1066.0
1067.0
1068.0
1069.0
1070.0
1071.0
1072.0
1073.0
1074.0
1075.0
1076.0
1077.0
1078.0
1079.0
1080.0
1081.0
1082.0
1083.0
1084.0
1085.0
1086.0
1087.0
-----------------------------
导入完毕--E:\workspace\code\ntsstock\stockmanage\management\commands\files\A02-OK玻璃_.xls----安徽金冠
-----------------------------
1088.0
1089.0
1090.0
1091.0
1092.0
1093.0
1094.0
1095.0
1096.0
1097.0
1098.0
1099.0
1100.0
1101.0
1102.0
1103.0
1104.0
1105.0
1106.0
1107.0
1108.0
1109.0
1110.0
1111.0
1112.0
1207.0
1208.0
1209.0
1210.0
1211.0
-----------------------------
导入完毕--E:\workspace\code\ntsstock\stockmanage\management\commands\files\A02-OK玻璃_.xls----邦田（展do此供商悠罚
-----------------------------
555.0
556.0
557.0
558.0
559.0
560.0
561.0
562.0
563.0
-----------------------------
导入完毕--E:\workspace\code\ntsstock\stockmanage\management\commands\files\A02-OK玻璃_.xls----潮州华鼎陶瓷玻璃制作厂
-----------------------------
1.0
2.0
3.0
4.0
5.0
6.0
7.0
8.0
9.0
10.0
11.0
12.0
13.0
14.0
15.0
16.0
17.0
18.0
19.0
20.0
21.0
22.0
23.0
24.0
25.0
26.0
27.0
28.0
29.0
30.0
31.0
32.0
33.0
34.0
35.0
36.0
37.0
38.0
39.0
40.0
41.0
42.0
43.0
44.0
45.0
46.0
47.0
48.0
49.0
50.0
51.0
52.0
53.0
54.0
55.0
56.0
57.0
58.0
59.0
60.0
61.0
62.0
63.0
64.0
65.0
66.0
67.0
68.0
69.0
70.0
71.0
72.0
73.0
74.0
75.0
76.0
77.0
78.0
79.0
80.0
81.0
82.0
83.0
84.0
85.0
86.0
87.0
88.0
89.0
90.0
91.0
92.0
93.0
94.0
95.0
96.0
97.0
98.0
99.0
100.0
101.0
102.0
103.0
104.0
105.0
106.0
107.0
108.0
109.0
110.0
111.0
112.0
113.0
114.0
115.0
116.0
117.0
118.0
119.0
120.0
121.0
122.0
123.0
124.0
125.0
126.0
127.0
128.0
1275.0
1276.0
1277.0
1278.0
1279.0
1280.0
1281.0
1282.0
1283.0
1284.0
1285.0
1286.0
1287.0
1288.0
1289.0
1290.0
1291.0
1292.0
1293.0
1294.0
1295.0
1296.0
1394.0
1395.0
1395.0
1395.0
1395.0
1395.0
1427.0
1428.0
1429.0
1430.0
1431.0
1432.0
